0.3311769276941463
0.3488442764725321
Iteration: 500
Best: 0.22833275803488892
Worst: 0.2296181286975318
Iteration: 1000
Best: 0.19808344994986435
Worst: 0.19910214236215237
Iteration: 3000
Best: 0.1670365743871668
Worst: 0.16806475461648296