0.32922520458590904
0.3494545618477637
Iteration: 1000
Best: 0.20130469037961224
Worst: 0.20220996274461014
Iteration: 4000
Best: 0.1627209231227998
Worst: 0.16358764137937268
Iteration: 10000
Best: 0.15316119151058954
Worst: 0.15391941062485226